0 1147 706 
0 1147 706 1 303 82 
0 1147 706 1 303 82 2 824 544 
0 1147 706 1 303 82 2 824 544 3 18 539 
0 1147 706 1 303 82 2 824 544 3 18 539 4 555 450 
0 1147 706 1 303 82 2 824 544 3 18 539 4 555 450 5 992 309 
0 1147 706 1 303 82 2 824 544 3 18 539 4 555 450 5 992 309 6 550 623 
0 1147 706 1 303 82 2 824 544 3 18 539 4 555 450 5 992 309 6 550 623 7 1182 75 
0 1147 706 1 303 82 2 824 544 3 18 539 4 555 450 5 992 309 6 550 623 7 1182 75 8 549 129 
0 1147 706 1 303 82 2 824 544 3 18 539 4 555 450 5 992 309 6 550 623 7 1182 75 8 549 129 9 216 481 
0 1147 706 1 303 82 2 824 544 3 18 539 4 555 450 5 992 309 6 550 623 7 1182 75 8 549 129 9 216 481 10 211 519 
0 1147 706 1 303 82 2 824 544 3 18 539 4 555 450 5 992 309 6 550 623 7 1182 75 8 549 129 9 216 481 10 211 519 11 1013 381 
0 1147 706 1 303 82 2 824 544 3 18 539 4 555 450 5 992 309 6 550 623 7 1182 75 8 549 129 9 216 481 10 211 519 11 1013 381 12 806 249 
0 1147 706 1 303 82 2 824 544 3 18 539 4 555 450 5 992 309 6 550 623 7 1182 75 8 549 129 9 216 481 10 211 519 11 1013 381 12 806 249 13 165 562 
0 1147 706 1 303 82 2 824 544 3 18 539 4 555 450 5 992 309 6 550 623 7 1182 75 8 549 129 9 216 481 10 211 519 11 1013 381 12 806 249 13 165 562 14 805 90 
0 1147 706 1 303 82 2 824 544 3 18 539 4 555 450 5 992 309 6 550 623 7 1182 75 8 549 129 9 216 481 10 211 519 11 1013 381 12 806 249 13 165 562 14 805 90 15 374 74 
0 1147 706 1 303 82 2 824 544 3 18 539 4 555 450 5 992 309 6 550 623 7 1182 75 8 549 129 9 216 481 10 211 519 11 1013 381 12 806 249 13 165 562 14 805 90 15 374 74 16 713 403 
0 1147 706 1 303 82 2 824 544 3 18 539 4 555 450 5 992 309 6 550 623 7 1182 75 8 549 129 9 216 481 10 211 519 11 1013 381 12 806 249 13 165 562 14 805 90 15 374 74 16 713 403 17 1158 223 
0 1147 706 1 303 82 2 824 544 3 18 539 4 555 450 5 992 309 6 550 623 7 1182 75 8 549 129 9 216 481 10 211 519 11 1013 381 12 806 249 13 165 562 14 805 90 15 374 74 16 713 403 17 1158 223 18 257 258 
0 1147 706 1 303 82 2 824 544 3 18 539 4 555 450 5 992 309 6 550 623 7 1182 75 8 549 129 9 216 481 10 211 519 11 1013 381 12 806 249 13 165 562 14 805 90 15 374 74 16 713 403 17 1158 223 18 257 258 19 1107 710 
0 1147 706 1 303 82 2 824 544 3 18 539 4 555 450 5 992 309 6 550 623 7 1182 75 8 549 129 9 216 481 10 211 519 11 1013 381 12 806 249 13 165 562 14 805 90 15 374 74 16 713 403 17 1158 223 18 257 258 19 1107 710 20 208 94 
0 1147 706 1 303 82 2 824 544 3 18 539 4 555 450 5 992 309 6 550 623 7 1182 75 8 549 129 9 216 481 10 211 519 11 1013 381 12 806 249 13 165 562 14 805 90 15 374 74 16 713 403 17 1158 223 18 257 258 19 1107 710 20 208 94 21 687 232 
0 1147 706 1 303 82 2 824 544 3 18 539 4 555 450 5 992 309 6 550 623 7 1182 75 8 549 129 9 216 481 10 211 519 11 1013 381 12 806 249 13 165 562 14 805 90 15 374 74 16 713 403 17 1158 223 18 257 258 19 1107 710 20 208 94 21 687 232 22 658 437 
0 1147 706 1 303 82 2 824 544 3 18 539 4 555 450 5 992 309 6 550 623 7 1182 75 8 549 129 9 216 481 10 211 519 11 1013 381 12 806 249 13 165 562 14 805 90 15 374 74 16 713 403 17 1158 223 18 257 258 19 1107 710 20 208 94 21 687 232 22 658 437 23 463 575 
0 1147 706 1 303 82 2 824 544 3 18 539 4 555 450 5 992 309 6 550 623 7 1182 75 8 549 129 9 216 481 10 211 519 11 1013 381 12 806 249 13 165 562 14 805 90 15 374 74 16 713 403 17 1158 223 18 257 258 19 1107 710 20 208 94 21 687 232 22 658 437 23 463 575 24 348 372 
0 1147 706 1 303 82 2 824 544 3 18 539 4 555 450 5 992 309 6 550 623 7 1182 75 8 549 129 9 216 481 10 211 519 11 1013 381 12 806 249 13 165 562 14 805 90 15 374 74 16 713 403 17 1158 223 18 257 258 19 1107 710 20 208 94 21 687 232 22 658 437 23 463 575 24 348 372 25 386 521 
0 1147 706 1 303 82 2 824 544 3 18 539 4 555 450 5 992 309 6 550 623 7 1182 75 8 549 129 9 216 481 10 211 519 11 1013 381 12 806 249 13 165 562 14 805 90 15 374 74 16 713 403 17 1158 223 18 257 258 19 1107 710 20 208 94 21 687 232 22 658 437 23 463 575 24 348 372 25 386 521 26 896 354 
0 1147 706 1 303 82 2 824 544 3 18 539 4 555 450 5 992 309 6 550 623 7 1182 75 8 549 129 9 216 481 10 211 519 11 1013 381 12 806 249 13 165 562 14 805 90 15 374 74 16 713 403 17 1158 223 18 257 258 19 1107 710 20 208 94 21 687 232 22 658 437 23 463 575 24 348 372 25 386 521 26 896 354 27 894 268 
0 1147 706 1 303 82 2 824 544 3 18 539 4 555 450 5 992 309 6 550 623 7 1182 75 8 549 129 9 216 481 10 211 519 11 1013 381 12 806 249 13 165 562 14 805 90 15 374 74 16 713 403 17 1158 223 18 257 258 19 1107 710 20 208 94 21 687 232 22 658 437 23 463 575 24 348 372 25 386 521 26 896 354 27 894 268 28 303 361 
0 1147 706 1 303 82 2 824 544 3 18 539 4 555 450 5 992 309 6 550 623 7 1182 75 8 549 129 9 216 481 10 211 519 11 1013 381 12 806 249 13 165 562 14 805 90 15 374 74 16 713 403 17 1158 223 18 257 258 19 1107 710 20 208 94 21 687 232 22 658 437 23 463 575 24 348 372 25 386 521 26 896 354 27 894 268 28 303 361 29 469 487 
0 1147 706 1 303 82 2 824 544 3 18 539 4 555 450 5 992 309 6 550 623 7 1182 75 8 549 129 9 216 481 10 211 519 11 1013 381 12 806 249 13 165 562 14 805 90 15 374 74 16 713 403 17 1158 223 18 257 258 19 1107 710 20 208 94 21 687 232 22 658 437 23 463 575 24 348 372 25 386 521 26 896 354 27 894 268 28 303 361 29 469 487 30 570 434 
0 1147 706 1 303 82 2 824 544 3 18 539 4 555 450 5 992 309 6 550 623 7 1182 75 8 549 129 9 216 481 10 211 519 11 1013 381 12 806 249 13 165 562 14 805 90 15 374 74 16 713 403 17 1158 223 18 257 258 19 1107 710 20 208 94 21 687 232 22 658 437 23 463 575 24 348 372 25 386 521 26 896 354 27 894 268 28 303 361 29 469 487 30 570 434 31 647 592 
0 1147 706 1 303 82 2 824 544 3 18 539 4 555 450 5 992 309 6 550 623 7 1182 75 8 549 129 9 216 481 10 211 519 11 1013 381 12 806 249 13 165 562 14 805 90 15 374 74 16 713 403 17 1158 223 18 257 258 19 1107 710 20 208 94 21 687 232 22 658 437 23 463 575 24 348 372 25 386 521 26 896 354 27 894 268 28 303 361 29 469 487 30 570 434 31 647 592 32 241 621 
0 1147 706 1 303 82 2 824 544 3 18 539 4 555 450 5 992 309 6 550 623 7 1182 75 8 549 129 9 216 481 10 211 519 11 1013 381 12 806 249 13 165 562 14 805 90 15 374 74 16 713 403 17 1158 223 18 257 258 19 1107 710 20 208 94 21 687 232 22 658 437 23 463 575 24 348 372 25 386 521 26 896 354 27 894 268 28 303 361 29 469 487 30 570 434 31 647 592 32 241 621 33 1074 463 
0 1147 706 1 303 82 2 824 544 3 18 539 4 555 450 5 992 309 6 550 623 7 1182 75 8 549 129 9 216 481 10 211 519 11 1013 381 12 806 249 13 165 562 14 805 90 15 374 74 16 713 403 17 1158 223 18 257 258 19 1107 710 20 208 94 21 687 232 22 658 437 23 463 575 24 348 372 25 386 521 26 896 354 27 894 268 28 303 361 29 469 487 30 570 434 31 647 592 32 241 621 33 1074 463 34 44 506 
0 1147 706 1 303 82 2 824 544 3 18 539 4 555 450 5 992 309 6 550 623 7 1182 75 8 549 129 9 216 481 10 211 519 11 1013 381 12 806 249 13 165 562 14 805 90 15 374 74 16 713 403 17 1158 223 18 257 258 19 1107 710 20 208 94 21 687 232 22 658 437 23 463 575 24 348 372 25 386 521 26 896 354 27 894 268 28 303 361 29 469 487 30 570 434 31 647 592 32 241 621 33 1074 463 34 44 506 35 485 6 
0 1147 706 1 303 82 2 824 544 3 18 539 4 555 450 5 992 309 6 550 623 7 1182 75 8 549 129 9 216 481 10 211 519 11 1013 381 12 806 249 13 165 562 14 805 90 15 374 74 16 713 403 17 1158 223 18 257 258 19 1107 710 20 208 94 21 687 232 22 658 437 23 463 575 24 348 372 25 386 521 26 896 354 27 894 268 28 303 361 29 469 487 30 570 434 31 647 592 32 241 621 33 1074 463 34 44 506 35 485 6 36 1128 55 
0 1147 706 1 303 82 2 824 544 3 18 539 4 555 450 5 992 309 6 550 623 7 1182 75 8 549 129 9 216 481 10 211 519 11 1013 381 12 806 249 13 165 562 14 805 90 15 374 74 16 713 403 17 1158 223 18 257 258 19 1107 710 20 208 94 21 687 232 22 658 437 23 463 575 24 348 372 25 386 521 26 896 354 27 894 268 28 303 361 29 469 487 30 570 434 31 647 592 32 241 621 33 1074 463 34 44 506 35 485 6 36 1128 55 37 18 475 
0 1147 706 1 303 82 2 824 544 3 18 539 4 555 450 5 992 309 6 550 623 7 1182 75 8 549 129 9 216 481 10 211 519 11 1013 381 12 806 249 13 165 562 14 805 90 15 374 74 16 713 403 17 1158 223 18 257 258 19 1107 710 20 208 94 21 687 232 22 658 437 23 463 575 24 348 372 25 386 521 26 896 354 27 894 268 28 303 361 29 469 487 30 570 434 31 647 592 32 241 621 33 1074 463 34 44 506 35 485 6 36 1128 55 37 18 475 38 1032 534 
0 1147 706 1 303 82 2 824 544 3 18 539 4 555 450 5 992 309 6 550 623 7 1182 75 8 549 129 9 216 481 10 211 519 11 1013 381 12 806 249 13 165 562 14 805 90 15 374 74 16 713 403 17 1158 223 18 257 258 19 1107 710 20 208 94 21 687 232 22 658 437 23 463 575 24 348 372 25 386 521 26 896 354 27 894 268 28 303 361 29 469 487 30 570 434 31 647 592 32 241 621 33 1074 463 34 44 506 35 485 6 36 1128 55 37 18 475 38 1032 534 39 673 4 
0 1147 706 1 303 82 2 824 544 3 18 539 4 555 450 5 992 309 6 550 623 7 1182 75 8 549 129 9 216 481 10 211 519 11 1013 381 12 806 249 13 165 562 14 805 90 15 374 74 16 713 403 17 1158 223 18 257 258 19 1107 710 20 208 94 21 687 232 22 658 437 23 463 575 24 348 372 25 386 521 26 896 354 27 894 268 28 303 361 29 469 487 30 570 434 31 647 592 32 241 621 33 1074 463 34 44 506 35 485 6 36 1128 55 37 18 475 38 1032 534 39 673 4 40 189 329 
0 1147 706 1 303 82 2 824 544 3 18 539 4 555 450 5 992 309 6 550 623 7 1182 75 8 549 129 9 216 481 10 211 519 11 1013 381 12 806 249 13 165 562 14 805 90 15 374 74 16 713 403 17 1158 223 18 257 258 19 1107 710 20 208 94 21 687 232 22 658 437 23 463 575 24 348 372 25 386 521 26 896 354 27 894 268 28 303 361 29 469 487 30 570 434 31 647 592 32 241 621 33 1074 463 34 44 506 35 485 6 36 1128 55 37 18 475 38 1032 534 39 673 4 40 189 329 41 289 510 
0 1147 706 1 303 82 2 824 544 3 18 539 4 555 450 5 992 309 6 550 623 7 1182 75 8 549 129 9 216 481 10 211 519 11 1013 381 12 806 249 13 165 562 14 805 90 15 374 74 16 713 403 17 1158 223 18 257 258 19 1107 710 20 208 94 21 687 232 22 658 437 23 463 575 24 348 372 25 386 521 26 896 354 27 894 268 28 303 361 29 469 487 30 570 434 31 647 592 32 241 621 33 1074 463 34 44 506 35 485 6 36 1128 55 37 18 475 38 1032 534 39 673 4 40 189 329 41 289 510 42 769 429 
0 1147 706 1 303 82 2 824 544 3 18 539 4 555 450 5 992 309 6 550 623 7 1182 75 8 549 129 9 216 481 10 211 519 11 1013 381 12 806 249 13 165 562 14 805 90 15 374 74 16 713 403 17 1158 223 18 257 258 19 1107 710 20 208 94 21 687 232 22 658 437 23 463 575 24 348 372 25 386 521 26 896 354 27 894 268 28 303 361 29 469 487 30 570 434 31 647 592 32 241 621 33 1074 463 34 44 506 35 485 6 36 1128 55 37 18 475 38 1032 534 39 673 4 40 189 329 41 289 510 42 769 429 43 1049 154 
0 1147 706 1 303 82 2 824 544 3 18 539 4 555 450 5 992 309 6 550 623 7 1182 75 8 549 129 9 216 481 10 211 519 11 1013 381 12 806 249 13 165 562 14 805 90 15 374 74 16 713 403 17 1158 223 18 257 258 19 1107 710 20 208 94 21 687 232 22 658 437 23 463 575 24 348 372 25 386 521 26 896 354 27 894 268 28 303 361 29 469 487 30 570 434 31 647 592 32 241 621 33 1074 463 34 44 506 35 485 6 36 1128 55 37 18 475 38 1032 534 39 673 4 40 189 329 41 289 510 42 769 429 43 1049 154 44 701 432 
0 1147 706 1 303 82 2 824 544 3 18 539 4 555 450 5 992 309 6 550 623 7 1182 75 8 549 129 9 216 481 10 211 519 11 1013 381 12 806 249 13 165 562 14 805 90 15 374 74 16 713 403 17 1158 223 18 257 258 19 1107 710 20 208 94 21 687 232 22 658 437 23 463 575 24 348 372 25 386 521 26 896 354 27 894 268 28 303 361 29 469 487 30 570 434 31 647 592 32 241 621 33 1074 463 34 44 506 35 485 6 36 1128 55 37 18 475 38 1032 534 39 673 4 40 189 329 41 289 510 42 769 429 43 1049 154 44 701 432 45 1149 293 
0 1147 706 1 303 82 2 824 544 3 18 539 4 555 450 5 992 309 6 550 623 7 1182 75 8 549 129 9 216 481 10 211 519 11 1013 381 12 806 249 13 165 562 14 805 90 15 374 74 16 713 403 17 1158 223 18 257 258 19 1107 710 20 208 94 21 687 232 22 658 437 23 463 575 24 348 372 25 386 521 26 896 354 27 894 268 28 303 361 29 469 487 30 570 434 31 647 592 32 241 621 33 1074 463 34 44 506 35 485 6 36 1128 55 37 18 475 38 1032 534 39 673 4 40 189 329 41 289 510 42 769 429 43 1049 154 44 701 432 45 1149 293 46 523 609 
0 1147 706 1 303 82 2 824 544 3 18 539 4 555 450 5 992 309 6 550 623 7 1182 75 8 549 129 9 216 481 10 211 519 11 1013 381 12 806 249 13 165 562 14 805 90 15 374 74 16 713 403 17 1158 223 18 257 258 19 1107 710 20 208 94 21 687 232 22 658 437 23 463 575 24 348 372 25 386 521 26 896 354 27 894 268 28 303 361 29 469 487 30 570 434 31 647 592 32 241 621 33 1074 463 34 44 506 35 485 6 36 1128 55 37 18 475 38 1032 534 39 673 4 40 189 329 41 289 510 42 769 429 43 1049 154 44 701 432 45 1149 293 46 523 609 47 60 418 
0 1147 706 1 303 82 2 824 544 3 18 539 4 555 450 5 992 309 6 550 623 7 1182 75 8 549 129 9 216 481 10 211 519 11 1013 381 12 806 249 13 165 562 14 805 90 15 374 74 16 713 403 17 1158 223 18 257 258 19 1107 710 20 208 94 21 687 232 22 658 437 23 463 575 24 348 372 25 386 521 26 896 354 27 894 268 28 303 361 29 469 487 30 570 434 31 647 592 32 241 621 33 1074 463 34 44 506 35 485 6 36 1128 55 37 18 475 38 1032 534 39 673 4 40 189 329 41 289 510 42 769 429 43 1049 154 44 701 432 45 1149 293 46 523 609 47 60 418 48 789 291 
0 1147 706 1 303 82 2 824 544 3 18 539 4 555 450 5 992 309 6 550 623 7 1182 75 8 549 129 9 216 481 10 211 519 11 1013 381 12 806 249 13 165 562 14 805 90 15 374 74 16 713 403 17 1158 223 18 257 258 19 1107 710 20 208 94 21 687 232 22 658 437 23 463 575 24 348 372 25 386 521 26 896 354 27 894 268 28 303 361 29 469 487 30 570 434 31 647 592 32 241 621 33 1074 463 34 44 506 35 485 6 36 1128 55 37 18 475 38 1032 534 39 673 4 40 189 329 41 289 510 42 769 429 43 1049 154 44 701 432 45 1149 293 46 523 609 47 60 418 48 789 291 49 1014 245 
