0 845 526 0 0 3 8 0 1 0 
 1 377 456 1 2 1 1 1 
 2 53 203 2 4 17 2 2 2 
 3 969 108 3 10 12 3 24 3 14 
 4 846 359 14 4 4 
 5 408 522 0 24 5 5 14 
 6 944 177 6 6 21 24 
 7 261 585 0 18 13 15 
 8 370 250 6 8 8 8 8 
 9 771 101 9 9 18 9 5 16 
 10 854 277 1 2 10 17 10 
 11 1096 484 24 11 11 17 
 12 323 256 15 12 12 12 21 12 13 
 13 1020 501 20 13 2 13 16 23 13 
 14 777 326 14 14 11 10 8 1 14 14 
 15 467 382 15 15 15 21 
 16 1092 492 8 16 16 21 
 17 533 113 18 17 17 17 17 17 0 17 
 18 591 441 3 18 18 18 20 23 0 
 19 644 315 9 4 22 13 17 
 20 299 233 6 12 20 20 9 15 22 
 21 130 31 23 21 24 3 21 2 21 21 
 22 306 101 14 12 8 17 22 5 22 
 23 458 235 23 11 23 1 12 17 23 
 24 848 230 9 24 24 24 24 24 
