0 517 429 42 19 
 1 808 541 40 21 22 4 19 
 2 630 253 7 18 
 3 426 47 26 
 4 39 577 1 26 22 
 5 29 650 22 10 14 28 
 6 916 610 44 31 
 7 842 75 2 26 25 21 
 8 1095 599 46 18 49 9 
 9 170 510 32 8 
 10 370 635 43 5 19 37 
 11 207 66 21 26 29 
 12 833 230 35 32 
 13 39 555 20 26 
 14 329 310 5 
 15 1194 281 17 39 
 16 24 284 19 27 45 41 
 17 310 619 15 20 
 18 764 102 33 36 8 2 
 19 436 338 0 25 10 16 1 
 20 976 624 13 44 17 
 21 890 393 48 23 37 1 11 7 
 22 1052 184 5 1 4 
 23 539 218 34 21 38 30 
 24 291 643 31 38 
 25 20 400 19 7 
 26 195 312 7 3 13 11 34 4 
 27 1066 416 38 43 42 16 
 28 739 494 5 
 29 189 618 11 46 
 30 928 55 23 
 31 417 615 24 6 
 32 364 378 45 9 12 
 33 1212 189 18 39 
 34 195 590 23 42 26 
 35 1158 340 12 
 36 123 418 38 18 44 
 37 1078 265 42 21 10 
 38 407 371 27 24 36 23 
 39 485 183 15 33 
 40 479 566 1 
 41 450 42 16 
 42 1234 506 37 0 34 27 
 43 1078 178 10 27 
 44 573 525 6 36 20 
 45 1024 20 32 16 
 46 339 123 8 47 29 
 47 671 39 46 
 48 660 538 21 
 49 115 478 8 
