0 1134 173 14 0 0 0 0 0 0 23 0 22 0 
 1 1107 217 23 6 11 24 1 1 10 0 
 2 498 111 14 2 11 18 2 0 17 2 7 2 12 5 2 2 1 
 3 409 200 11 4 3 3 3 5 3 
 4 1126 581 5 11 4 16 21 23 4 4 4 4 4 1 4 4 
 5 245 383 5 5 9 5 5 15 5 20 16 5 0 5 8 
 6 188 301 22 12 23 6 2 6 11 6 15 6 
 7 1028 343 0 12 20 8 6 7 7 7 7 14 
 8 778 354 8 8 8 8 20 
 9 150 206 22 0 9 2 9 7 23 9 14 9 4 
 10 691 353 10 10 17 10 10 10 23 10 10 
 11 417 283 11 11 11 11 11 16 24 11 
 12 1171 167 12 12 12 12 20 10 15 19 4 
 13 704 360 13 10 16 9 22 3 13 4 13 
 14 764 97 14 5 14 13 14 18 23 16 3 14 6 14 14 10 19 
 15 675 623 10 14 2 17 7 22 15 4 20 15 15 15 9 
 16 195 309 0 16 16 16 16 22 20 17 7 19 16 
 17 815 646 11 8 17 12 17 17 24 18 17 20 0 
 18 389 134 18 18 18 4 18 5 13 6 
 19 835 554 19 15 24 4 19 19 18 2 21 19 3 19 
 20 1088 583 20 10 20 22 20 20 20 24 20 20 9 20 
 21 363 221 20 8 3 5 21 21 
 22 1110 522 22 22 22 19 22 22 22 22 
 23 1113 468 23 2 23 23 23 19 13 5 23 23 23 23 
 24 578 626 0 24 24 24 24 2 14 4 24 10 23 
