0 588 170 0 0 9 48 22 30 0 0 0 7 0 
 1 1253 83 1 5 10 31 21 7 36 1 14 49 1 42 25 
 2 1189 415 2 2 5 2 2 2 2 2 25 2 
 3 985 461 4 3 3 42 3 3 3 3 
 4 245 295 17 4 2 4 4 36 22 4 40 4 46 18 4 
 5 760 107 13 5 5 6 42 28 8 4 5 15 5 22 45 36 
 6 1179 576 48 16 35 44 6 15 6 40 23 34 6 
 7 351 392 37 23 7 20 7 2 7 42 43 17 12 7 
 8 1093 374 8 46 8 8 8 8 16 33 8 
 9 60 167 9 9 9 46 19 25 9 47 9 
 10 1011 61 10 10 34 31 14 22 10 3 24 30 
 11 741 78 24 3 11 16 11 14 11 35 
 12 81 593 28 43 41 23 12 20 14 12 12 
 13 941 313 13 30 42 22 13 13 48 9 25 2 31 13 
 14 1247 74 14 32 14 14 14 14 14 
 15 886 246 10 15 3 23 4 15 15 15 20 15 17 15 
 16 1018 542 16 45 9 16 36 37 16 16 20 33 16 16 4 
 17 899 444 17 20 36 8 17 34 17 2 17 16 49 26 17 17 30 44 
 18 957 353 35 21 18 7 18 18 18 18 5 24 
 19 45 326 24 19 19 12 42 19 13 25 35 19 40 19 
 20 221 163 20 20 20 20 20 20 4 20 20 1 20 20 49 28 29 20 
 21 949 138 21 19 21 21 49 23 47 
 22 479 90 22 22 39 22 22 22 22 22 22 19 20 
 23 363 334 23 23 23 23 23 23 23 14 23 23 
 24 658 364 2 24 45 24 40 48 21 24 36 24 24 24 15 24 
 25 1146 558 14 8 25 25 24 25 12 45 25 25 34 25 16 25 
 26 820 67 26 22 26 39 26 26 
 27 82 283 23 27 26 27 0 
 28 1260 622 28 18 28 27 45 28 40 38 28 28 
 29 879 424 38 29 43 11 45 32 29 27 49 36 29 17 0 29 9 
 30 676 185 30 30 34 26 18 30 41 28 43 6 30 30 23 30 
 31 511 524 31 26 31 48 4 31 45 49 6 20 31 31 31 36 16 31 
 32 599 373 1 32 32 42 19 
 33 71 20 38 30 19 33 20 33 23 33 
 34 561 558 15 34 45 34 2 34 34 3 11 8 34 42 34 28 
 35 378 440 35 35 35 35 35 35 13 
 36 1011 551 36 36 3 36 34 36 22 36 36 36 0 36 40 36 
 37 88 549 37 20 2 18 37 24 37 29 33 
 38 542 551 38 38 38 35 38 25 37 15 42 38 
 39 217 306 29 39 15 17 39 39 5 35 
 40 545 485 31 22 40 23 9 40 40 20 40 40 43 40 40 40 
 41 1020 515 46 49 41 3 29 31 41 
 42 188 57 31 42 42 42 40 42 42 42 42 42 42 
 43 91 60 2 43 43 44 38 43 43 43 
 44 603 287 44 13 31 44 44 44 
 45 231 366 38 45 45 0 45 45 45 45 45 30 45 44 
 46 360 420 46 46 7 0 46 1 18 46 
 47 1200 250 25 24 47 8 20 47 0 
 48 234 49 48 48 48 36 17 48 40 48 39 10 
 49 1206 431 49 49 49 8 49 49 49 11 49 
