0 59 385 0 17 0 21 0 0 8 0 0 23 24 11 0 0 0 6 
 1 437 100 0 1 1 13 10 1 23 1 1 2 4 
 2 1141 56 2 8 21 2 6 
 3 758 263 3 18 3 11 16 3 
 4 1026 319 14 19 4 20 4 4 11 12 6 9 4 4 
 5 896 610 1 19 5 13 0 5 15 22 
 6 985 561 6 13 19 24 6 6 6 6 11 8 12 6 6 
 7 393 563 19 7 7 9 7 0 7 
 8 392 469 8 8 8 8 8 8 8 11 
 9 241 354 18 3 12 6 0 22 9 8 9 9 9 9 9 9 
 10 1073 138 10 10 10 22 10 14 10 17 10 7 
 11 619 400 22 10 11 16 24 11 11 12 13 11 11 11 11 
 12 943 198 12 21 5 12 20 12 12 23 7 
 13 32 101 13 8 22 13 13 13 13 4 13 13 13 23 16 
 14 1194 448 14 14 14 9 11 16 0 
 15 142 119 13 1 15 15 4 3 15 0 15 9 15 
 16 806 171 15 17 16 16 1 22 16 10 16 16 
 17 420 264 17 17 17 11 1 17 4 22 7 8 21 23 6 
 18 246 115 18 18 0 17 23 10 13 15 18 21 
 19 1023 293 19 22 19 19 19 19 19 19 16 
 20 251 120 13 23 20 14 0 20 20 8 19 9 15 
 21 199 385 6 13 21 21 19 21 7 23 21 5 4 21 
 22 422 195 22 2 22 22 0 22 22 22 22 1 6 22 
 23 953 311 3 10 23 23 24 19 23 23 23 23 23 9 23 
 24 656 151 10 24 24 24 20 24 18 15 9 
